1 97 5 
8 25 16 
15 29 16 
x
x
11 5 31 
x
14 0 17 
15 5 16 
x
10 53 17 
0 66 23 
x
4 82 0 
15 37 6 
x
10 81 40 
6 60 26 
9 90 8 
0 72 17 
7 16 35 
x
x
15 42 7 
6 65 27 
9 64 41 
2 92 19 
x
11 9 32 
x
0 69 24 
8 30 17 
x
2 30 44 
13 25 18 
7 75 4 
x
x
x
x
2 34 0 
15 84 14 
x
2 38 1 
9 73 42 
4 85 1 
11 13 33 
x
2 0 34 
7 79 5 
15 52 36 
x
7 97 2 
x
2 3 35 
x
10 57 18 
11 52 42 
15 82 33 
15 0 0 
15 89 15 
x
x
x
6 70 28 
7 82 6 
12 92 19 
11 57 43 
0 5 6 
13 46 19 
4 20 37 
x
4 24 38 
3 58 21 
1 0 20 
x
2 42 2 
9 98 43 
0 11 7 
5 62 5 
4 37 39 
4 6 20 
2 49 3 
2 97 21 
x
x
12 96 20 
1 5 22 
x
15 47 8 
7 35 41 
5 82 3 
9 94 9 
13 83 8 
5 91 4 
1 10 23 
3 67 22 
x
0 74 25 
11 62 7 
1 12 24 
x
15 94 16 
x
x
10 62 21 
3 97 4 
2 6 36 
x
15 57 9 
8 63 23 
x
x
14 69 29 
15 62 10 
x
0 98 18 
8 35 18 
0 13 8 
14 3 17 
14 74 30 
x
4 11 21 
14 79 31 
14 84 32 
3 47 26 
3 17 5 
4 15 22 
10 66 22 
3 50 27 
x
x
15 9 1 
1 14 25 
13 53 23 
10 14 23 
13 77 34 
13 98 35 
x
7 86 7 
0 17 9 
2 9 37 
0 77 26 
x
11 68 44 
10 10 8 
4 29 24 
x
x
13 10 37 
x
2 12 38 
x
10 71 24 
13 61 3 
4 88 3 
x
x
6 76 29 
4 92 4 
x
14 89 33 
x
6 79 30 
6 3 5 
10 74 25 
x
x
8 66 24 
x
2 53 5 
7 89 8 
1 16 26 
x
x
x
11 73 0 
x
10 83 26 
13 88 9 
12 58 24 
15 67 11 
10 18 9 
8 72 25 
9 75 4 
7 93 9 
x
11 18 34 
6 82 31 
x
x
x
x
10 24 10 
x
2 15 39 
x
12 63 25 
12 25 16 
5 66 6 
x
12 29 17 
8 40 19 
8 92 30 
2 57 6 
x
x
5 70 7 
x
x
x
x
0 19 10 
x
x
3 53 28 
3 55 29 
6 85 32 
x
10 78 27 
1 18 27 
10 88 28 
14 23 38 
x
x
8 0 10 
2 46 7 
0 23 11 
10 28 11 
3 36 6 
1 20 28 
x
14 94 39 
2 62 8 
x
x
12 33 18 
x
13 0 34 
x
x
4 95 6 
1 28 29 
13 93 10 
13 15 40 
6 0 10 
6 90 33 
11 79 1 
2 18 40 
3 0 7 
14 8 18 
8 90 44 
x
5 74 8 
3 63 7 
x
4 33 25 
13 20 41 
x
1 33 30 
6 8 11 
10 32 12 
6 12 12 
x
2 64 9 
0 27 12 
4 41 40 
6 16 13 
2 66 10 
x
x
x
0 29 13 
x
13 28 42 
0 80 27 
x
x
x
10 37 26 
6 19 14 
3 65 8 
8 75 26 
3 4 8 
x
12 88 36 
8 78 27 
x
x
x
9 87 27 
x
11 22 35 
x
3 7 9 
15 14 2 
0 33 14 
10 40 13 
4 45 28 
1 25 31 
x
x
5 88 11 
x
10 44 14 
6 95 34 
13 5 35 
9 0 29 
8 45 20 
5 0 35 
14 13 19 
x
2 68 11 
0 83 28 
x
13 32 43 
3 10 10 
x
1 40 32 
x
14 18 20 
10 92 30 
12 0 11 
x
6 22 15 
13 65 4 
x
6 26 16 
x
1 43 33 
7 40 42 
3 13 11 
14 28 21 
3 19 12 
x
8 50 21 
10 96 31 
7 0 31 
x
3 88 30 
11 28 36 
x
9 4 32 
x
12 68 26 
x
4 73 41 
12 90 37 
9 9 33 
2 72 9 
6 30 17 
0 86 29 
15 19 3 
x
8 96 44 
9 78 5 
5 5 36 
5 78 9 
11 84 2 
5 10 37 
0 35 15 
9 14 34 
x
x
3 22 13 
x
8 4 11 
3 90 31 
x
11 32 37 
1 45 34 
15 24 4 
x
5 93 12 
14 33 22 
4 76 42 
6 34 18 
5 15 38 
x
7 45 43 
9 19 35 
14 38 23 
8 58 22 
2 70 12 
12 37 19 
x
13 69 5 
13 36 44 
x
12 42 20 
6 37 19 
x
3 25 14 
x
5 96 13 
0 43 16 
1 38 10 
2 74 13 
3 73 23 
0 89 30 
x
15 72 12 
0 52 17 
1 49 35 
5 18 39 
0 92 31 
4 50 29 
x
0 37 18 
9 24 36 
8 55 30 
3 29 15 
5 21 40 
x
6 40 20 
5 24 41 
8 9 12 
1 52 36 
9 27 37 
9 31 38 
12 5 12 
12 10 13 
x
6 44 21 
x
0 56 19 
x
11 89 3 
14 43 24 
4 97 16 
7 19 36 
4 55 31 
11 26 38 
10 22 39 
13 41 0 
15 32 5 
7 50 44 
x
3 38 17 
9 35 39 
8 84 28 
1 55 37 
x
11 94 4 
4 64 32 
1 47 11 
5 29 42 
x
5 39 43 
x
3 78 24 
5 34 44 
13 49 1 
6 47 22 
x
x
9 39 40 
x
9 43 41 
1 62 38 
7 4 32 
7 55 0 
x
1 60 12 
5 45 0 
8 13 13 
x
x
x
2 78 14 
3 33 18 
x
x
3 83 25 
x
x
x
2 82 15 
x
x
6 50 23 
7 22 37 
x
9 46 42 
x
10 0 5 
9 49 43 
x
5 48 1 
9 81 6 
x
x
1 67 39 
1 69 40 
10 5 6 
4 0 14 
x
12 15 14 
10 49 15 
x
x
2 21 41 
x
4 59 33 
6 6 0 
0 9 13 
x
11 36 38 
4 3 15 
1 72 41 
x
11 40 39 
13 56 2 
12 73 27 
0 48 20 
1 75 42 
x
7 60 1 
8 17 14 
14 48 25 
14 53 26 
9 52 44 
6 98 1 
5 51 2 
x
x
0 39 14 
2 24 42 
x
x
x
x
11 44 40 
x
x
9 56 0 
1 77 43 
3 41 19 
3 92 32 
x
1 79 44 
5 56 3 
x
x
x
x
x
0 60 21 
2 86 16 
8 87 29 
1 81 0 
x
5 37 2 
12 78 28 
6 53 24 
x
x
12 83 29 
15 77 13 
0 41 15 
0 64 22 
2 27 43 
x
x
x
9 84 7 
2 88 17 
14 58 27 
x
x
9 60 1 
x
7 25 38 
6 56 25 
11 0 30 
8 21 15 
12 20 15 
x
0 95 32 
x
x
x
1 86 1 
14 64 28 
7 8 33 
4 79 43 
13 73 6 
7 28 39 
4 69 34 
x
x
7 65 2 
7 12 34 
x
3 44 20 
x
x
1 91 2 
7 31 40 
x
x
2 90 18 
13 79 7 
7 70 3 
x
8 69 35 
5 84 10 
9 66 2 
x
12 46 21 
12 50 22 
9 69 3 
5 59 4 
1 94 3 
x
8 81 36 
x
x
0 0 4 
12 54 23 
x
3 95 33 
x
0 50 16 
11 48 41 
